,YEAR,ECONOMIC_SECTOR,MEAN_WEIGHTED_INTENSITY,MED_WEIGHTED_INTENSITY,TOTAL_HOLDINGS,TOTAL_HOLDINGS(USD),SECTOR_CSPP_HOLDINGS,SECTOR_ELIGIBLE_CSPP_UNIVERSE,WEIGHTS,SUM_WEIGHTS,MEAN_WACI,MEDIAN_WACI,Contribution
0,2017,Automotive and parts,10601.77,10601.77,114630.2857142857,120362,0.1,0.1,0.1,0.91,1165.0296703296704,1165.0296703296704,0.2514
1,2017,Beverages,394.40168803367544,42.7,114630.2857142857,120362,0.05,0.04,0.05,0.91,21.670422419432718,2.3461538461538463,0.0047
2,2017,Chemicals,2669.0049837632987,22.663350669177937,114630.2857142857,120362,0.05,0.04,0.05,0.91,146.64862548149995,1.2452390477570294,0.0316
3,2017,Construction & Materials,182.51015793163666,80.41367993273393,114630.2857142857,120362,0.06,0.05,0.06,0.91,12.033636786701317,5.302000874685754,0.0026
4,2017,Energy and basic resources,322.41063039998306,316.8833481848309,114630.2857142857,120362,0.07,0.08,0.07,0.91,24.80081772307562,24.375642168063912,0.0054
5,2017,Food,50.4686252603992,30.79973409710193,114630.2857142857,120362,0.04,0.03,0.04,0.91,2.2184011103472177,1.353834465806678,0.0005
6,2017,Infrastructure and transportation,1135.0870174963056,356.39,114630.2857142857,120362,0.12,0.14,0.12,0.91,149.68180450500734,46.99648351648351,0.0323
7,2017,Insurance,2996.0241543212496,150.83999999999997,114630.2857142857,120362,0.03,0.03,0.03,0.91,98.7700270655357,4.972747252747252,0.0213
8,2017,Other sectors,25231.978098528478,185.40999999999997,114630.2857142857,120362,0.08,0.08,0.08,0.91,2218.195876793712,16.299780219780217,0.4787
9,2017,Real estate,1129.07367194919,86.6,114630.2857142857,120362,0.06,0.06,0.06,0.91,74.44441793071582,5.709890109890109,0.0161
10,2017,Telecommunication,26.673450202188253,29.894043450524908,114630.2857142857,120362,0.09,0.08,0.09,0.91,2.638033536480157,2.9565537478541115,0.0006
11,2017,Utilities,4081.5954299919786,1842.2227538494094,114630.2857142857,120362,0.16,0.17,0.16,0.91,717.6431525260622,323.90729738011595,0.1549
12,2018,Automotive and parts,10601.77,10601.77,160838.5,168880,0.09,0.1,0.09,0.88,1084.2719318181819,1084.2719318181819,0.2194
13,2018,Beverages,140.36169689380262,42.7,160838.5,168880,0.055,0.04,0.055,0.88,8.772606055862664,2.66875,0.0018
14,2018,Chemicals,2060.7538995036934,22.663350669177937,160838.5,168880,0.045,0.04,0.045,0.88,105.37946077007523,1.158921341037508,0.0213
15,2018,Construction & Materials,194.2993873529267,80.41367993273393,160838.5,168880,0.06,0.05,0.06,0.88,13.24768550133591,5.482750904504586,0.0027
16,2018,Energy and basic resources,312.75163159538613,316.8833481848309,160838.5,168880,0.06,0.07,0.06,0.88,21.3239748815036,21.605682830783923,0.0043
17,2018,Food,54.23028031947232,30.79973409710193,160838.5,168880,0.04,0.03,0.04,0.88,2.4650127417941965,1.3999879135046331,0.0005
18,2018,Infrastructure and transportation,1041.061606752631,356.39,160838.5,168880,0.11,0.13,0.11,0.88,130.13270084407887,44.54875,0.0263
19,2018,Insurance,3526.372977346974,150.83999999999997,160838.5,168880,0.03,0.03,0.03,0.88,120.21726059137411,5.142272727272726,0.0243
20,2018,Other sectors,25961.723280244303,150.84000000000003,160838.5,168880,0.09,0.08499999999999999,0.09,0.88,2655.1762445704403,15.426818181818186,0.5372
21,2018,Real estate,1035.4192332699079,86.6,160838.5,168880,0.06,0.07,0.06,0.88,70.59676590476644,5.904545454545454,0.0143
22,2018,Telecommunication,49.62914697361964,28.920000000000005,160838.5,168880,0.09,0.08,0.09,0.88,5.075708213211099,2.957727272727273,0.001
23,2018,Utilities,4257.354565961941,1842.2227538494094,160838.5,168880,0.15,0.17,0.15,0.88,725.6854373798764,314.0152421334221,0.1468
24,2019,Automotive and parts,10601.77,10601.77,178566.1666666667,187494,0.09,0.11,0.09,0.875,1090.4677714285715,1090.4677714285715,0.2258
25,2019,Beverages,53.300340305915135,42.7,178566.1666666667,187494,0.05,0.04,0.05,0.875,3.045733731766579,2.4400000000000004,0.0006
26,2019,Chemicals,1355.1157462041724,22.663350669177937,178566.1666666667,187494,0.04,0.03,0.04,0.875,61.94814839790502,1.0360388877338484,0.0128
27,2019,Construction & Materials,166.63107501687816,80.41367993273393,178566.1666666667,187494,0.06,0.05,0.06,0.875,11.426130858300215,5.514080909673184,0.0024
28,2019,Energy and basic resources,314.78996517819405,316.8833481848309,178566.1666666667,187494,0.06,0.06,0.06,0.875,21.585597612219022,21.72914387553126,0.0045
29,2019,Food,52.45169009519889,30.79973409710193,178566.1666666667,187494,0.04,0.03,0.04,0.875,2.397791547209092,1.4079878444389453,0.0005
30,2019,Infrastructure and transportation,1067.5545406686447,356.39,178566.1666666667,187494,0.115,0.125,0.115,0.875,140.30716820216475,46.839828571428576,0.0291
31,2019,Insurance,3437.1200512267264,150.83999999999997,178566.1666666667,187494,0.03,0.03,0.03,0.875,117.8441160420592,5.171657142857142,0.0244
32,2019,Other sectors,24970.00289708339,150.84000000000003,178566.1666666667,187494,0.09,0.08,0.09,0.875,2568.3431551285767,15.514971428571432,0.5319
33,2019,Real estate,984.8841776661046,86.6,178566.1666666667,187494,0.06,0.07,0.06,0.875,67.53491503996146,5.938285714285714,0.014
34,2019,Telecommunication,49.213690774165435,28.920000000000005,178566.1666666667,187494,0.09,0.08,0.09,0.875,5.0619796224855875,2.9746285714285716,0.001
35,2019,Utilities,4307.161238475718,1842.2227538494094,178566.1666666667,187494,0.15,0.16,0.15,0.875,738.3704980244089,315.8096149456131,0.1529
36,2020,Automotive and parts,10601.77,10601.77,221303.0,232368,0.09,0.105,0.09,0.86,1109.487558139535,1109.487558139535,0.1735
37,2020,Beverages,52.181378487491216,42.7,221303.0,232368,0.045,0.04,0.045,0.86,2.7304209673687265,2.234302325581395,0.0004
38,2020,Chemicals,1994.6519124662452,22.663350669177937,221303.0,232368,0.04,0.03,0.039999999999999994,0.86,92.77450755656953,1.0541093334501366,0.0145
39,2020,Construction & Materials,151.31014793194967,80.41367993273393,221303.0,232368,0.05,0.05,0.05000000000000001,0.86,8.797101623950564,4.675213949577555,0.0014
40,2020,Energy and basic resources,425.49134283611824,316.8833481848309,221303.0,232368,0.07,0.07500000000000001,0.07,0.86,34.633016277358465,25.792830666207166,0.0054
41,2020,Food,47.76219916928546,17.23711674333077,221303.0,232368,0.04,0.03,0.039999999999999994,0.86,2.2214976357807186,0.8017263601549194,0.0003
42,2020,Infrastructure and transportation,977.0921288183537,356.39,221303.0,232368,0.11,0.12,0.11,0.86,124.9769001976964,45.584767441860464,0.0195
43,2020,Insurance,3338.2905872999936,150.83999999999997,221303.0,232368,0.025,0.025,0.025000000000000005,0.86,97.04333102616262,4.384883720930232,0.0152
44,2020,Other sectors,39894.06685090792,150.84000000000003,221303.0,232368,0.09,0.09,0.09,0.86,4174.96048439734,15.78558139534884,0.6527
45,2020,Real estate,782.929228938978,86.6,221303.0,232368,0.06,0.07500000000000001,0.06,0.86,54.622969460858926,6.041860465116279,0.0085
46,2020,Telecommunication,42.562045511965884,28.92,221303.0,232368,0.08499999999999999,0.065,0.08499999999999999,0.86,4.206713800601279,2.8583720930232555,0.0007
47,2020,Utilities,3828.415203152602,1842.2227538494094,221303.0,232368,0.155,0.16,0.155,0.86,690.0050656844807,332.0285195891378,0.1079
48,2021,Automotive and parts,10601.77,10601.77,283620.4166666667,297801,0.09,0.095,0.09,0.85,1122.5403529411765,1122.5403529411765,0.1403
49,2021,Beverages,52.67704408223031,42.7,283620.4166666667,297801,0.04,0.035,0.04,0.85,2.4789197215167205,2.0094117647058827,0.0003
50,2021,Chemicals,2127.8468980513485,22.663350669177937,283620.4166666667,297801,0.035,0.03,0.035,0.85,87.61722521387907,0.9331967922602681,0.011
51,2021,Construction & Materials,140.32076687578223,80.41367993273393,283620.4166666667,297801,0.055,0.055,0.055,0.85,9.07957903313885,5.203238113294549,0.0011
52,2021,Energy and basic resources,446.911631929057,445.40088159652817,283620.4166666667,297801,0.07500000000000001,0.07500000000000001,0.07500000000000001,0.85,39.43337928785798,39.30007778792896,0.0049
53,2021,Food,46.414723255206795,17.23711674333077,283620.4166666667,297801,0.04,0.03,0.04,0.85,2.1842222708332613,0.8111584349802715,0.0003
54,2021,Infrastructure and transportation,1724.761605329845,356.39,283620.4166666667,297801,0.11,0.12,0.11,0.85,223.20444304268582,46.12105882352941,0.0279
55,2021,Insurance,2720.254992874967,150.84,283620.4166666667,297801,0.02,0.02,0.02,0.85,64.00599983235216,3.549176470588235,0.008
56,2021,Other sectors,54593.33582749559,150.84,283620.4166666667,297801,0.09,0.095,0.09,0.85,5780.470852323062,15.971294117647059,0.7224
57,2021,Real estate,761.5066085891393,86.6,283620.4166666667,297801,0.065,0.08499999999999999,0.065,0.85,58.23285830387537,6.62235294117647,0.0073
58,2021,Telecommunication,41.96289138334109,28.92,283620.4166666667,297801,0.08,0.06,0.08,0.85,3.949448600785044,2.7218823529411766,0.0005
59,2021,Utilities,3447.25352042967,1842.2227538494094,283620.4166666667,297801,0.15,0.145,0.15,0.85,608.3388565464123,325.09813303224877,0.076
60,2022,Automotive and parts,10601.77,10601.77,319782.0,335771,0.09,0.09,0.09,0.85,1122.5403529411765,1122.5403529411765,0.1353
61,2022,Beverages,55.316683214210066,52.029504585108256,319782.0,335771,0.04,0.04,0.04,0.85,2.603138033609886,2.4484472745933297,0.0003
62,2022,Chemicals,1825.3666549821091,22.663350669177937,319782.0,335771,0.03,0.03,0.03,0.85,64.42470546995679,0.7998829647945154,0.0078
63,2022,Construction & Materials,139.201690779594,80.41367993273393,319782.0,335771,0.06,0.05,0.06,0.85,9.826001702088988,5.67625975995769,0.0012
64,2022,Energy and basic resources,449.6337200029301,445.40088159652817,319782.0,335771,0.07,0.07,0.07,0.85,37.02865929435895,36.68007260206703,0.0045
65,2022,Food,46.749166693869775,17.23711674333077,319782.0,335771,0.04,0.03,0.04,0.85,2.1999607855938716,0.8111584349802715,0.0003
66,2022,Infrastructure and transportation,2097.261061454894,356.39,319782.0,335771,0.11,0.12,0.10999999999999999,0.85,271.4102550118098,46.1210588235294,0.0327
67,2022,Insurance,2286.0587431108906,150.84,319782.0,335771,0.02,0.02,0.02,0.85,53.789617484962136,3.549176470588235,0.0065
68,2022,Other sectors,57476.178904982015,150.84,319782.0,335771,0.09,0.1,0.09,0.85,6085.713060527508,15.971294117647059,0.7335
69,2022,Real estate,615.5153656603287,42.468239564428316,319782.0,335771,0.08,0.1,0.08,0.85,57.93085794450153,3.99701078253443,0.007
70,2022,Telecommunication,41.630242661451405,28.92,319782.0,335771,0.07,0.06,0.07,0.85,3.4283729250607045,2.38164705882353,0.0004
71,2022,Utilities,3321.2978744679767,1842.2227538494094,319782.0,335771,0.15,0.15,0.15,0.85,586.1113896119958,325.09813303224877,0.0706
